1101 1001 1100 1000 1001 1101 1001 1100 1000 1001 1101 1001 1100 1000 1001 1101 1001 1100 1000 1001 1101 1001 1100 1000 1001 1101 1001 1100 1000 1001 1101 1001 1100 1000 1001 1101 1001 1100 1000 1001 1101 1001 1100 1000 1001 1101 1001 1100 1000 1001 1101 1001 1100 1000 1001 1101 1001 1100 1000 1001 1101 1001 1100 1000 1001 1101 1001 1100 1000 1001 1001 1000 
1101 1001 1100 1000 1001 1101 1001 1100 1000 1001 1101 1001 1100 1000 1001 1101 1001 1100 1000 1001 1101 1001 1100 1000 1001 1101 1001 1100 1000 1001 1101 1001 1100 1000 1001 1101 1001 1100 1000 1001 1101 1001 1100 1000 1001 1101 1001 1100 1000 1001 1101 1001 1100 1000 1001 1101 1001 1100 1000 1001 1101 1001 1100 1000 1001 1101 1001 1100 1000 1001 1001 1000 
1101 1001 1100 1000 1001 1101 1001 1100 1000 1001 1101 1001 1100 1000 1001 1101 1001 1100 1000 1001 1101 1001 1100 1000 1001 1101 1001 1100 1000 1001 1101 1001 1100 1000 1001 1101 1001 1100 1000 1001 1101 1001 1100 1000 1001 1101 1001 1100 1000 1001 1101 1001 1100 1000 1001 1101 1001 1100 1000 1001 1101 1001 1100 1000 1001 1101 1001 1100 1000 1001 1001 1000 
1101 1001 1100 1000 1001 1101 1001 1100 1000 1001 1101 1001 1100 1000 1001 1101 1001 1100 1000 1001 1101 1001 1100 1000 1001 1101 1001 1100 1000 1001 1101 1001 1100 1000 1001 1101 1001 1100 1000 1001 1101 1001 1100 1000 1001 1101 1001 1100 1000 1001 1101 1001 1100 1000 1001 1101 1001 1100 1000 1001 1101 1001 1100 1000 1001 1101 1001 1100 1000 1001 1001 1000 
1101 1001 1100 1000 1001 1101 1001 1100 1000 1001 1101 1001 1100 1000 1001 1101 1001 1100 1000 1001 1101 1001 1100 1000 1001 1101 1001 1100 1000 1001 1101 1001 1100 1000 1001 1101 1001 1100 1000 1001 1101 1001 1100 1000 1001 1101 1001 1100 1000 1001 1101 1001 1100 1000 1001 1101 1001 1100 1000 1001 1101 1001 1100 1000 1001 1101 1001 1100 1000 1001 1001 1000 
1101 1001 1100 1000 1001 1101 1001 1100 1000 1001 1101 1001 1100 1000 1001 1101 1001 1100 1000 1001 1101 1001 1100 1000 1001 1101 1001 1100 1000 1001 1101 1001 1100 1000 1001 1101 1001 1100 1000 1001 1101 1001 1100 1000 1001 1101 1001 1100 1000 1001 1101 1001 1100 1000 1001 1101 1001 1100 1000 1001 1101 1001 1100 1000 1001 1101 1001 1100 1000 1001 1001 1000 
1101 1001 1100 1000 1001 1101 1001 1100 1000 1001 1101 1001 1100 1000 1001 1101 1001 1100 1000 1001 1101 1001 1100 1000 1001 1101 1001 1100 1000 1001 1101 1001 1100 1000 1001 1101 1001 1100 1000 1001 1101 1001 1100 1000 1001 1101 1001 1100 1000 1001 1101 1001 1100 1000 1001 1101 1001 1100 1000 1001 1101 1001 1100 1000 1001 1101 1001 1100 1000 1001 1001 1000 
1101 1001 1100 1000 1001 1101 1001 1100 1000 1001 1101 1001 1100 1000 1001 1101 1001 1100 1000 1001 1101 1001 1100 1000 1001 1101 1001 1100 1000 1001 1101 1001 1100 1000 1001 1101 1001 1100 1000 1001 1101 1001 1100 1000 1001 1101 1001 1100 1000 1001 1101 1001 1100 1000 1001 1101 1001 1100 1000 1001 1101 1001 1100 1000 1001 1101 1001 1100 1000 1001 1001 1000 
1101 1001 1100 1000 1001 1101 1001 1100 1000 1001 1101 1001 1100 1000 1001 1101 1001 1100 1000 1001 1101 1001 1100 1000 1001 1101 1001 1100 1000 1001 1101 1001 1100 1000 1001 1101 1001 1100 1000 1001 1101 1001 1100 1000 1001 1101 1001 1100 1000 1001 1101 1001 1100 1000 1001 1101 1001 1100 1000 1001 1101 1001 1100 1000 1001 1101 1001 1100 1000 1001 1001 1000 
1101 1001 1100 1000 1001 1101 1001 1100 1000 1001 1101 1001 1100 1000 1001 1101 1001 1100 1000 1001 1101 1001 1100 1000 1001 1101 1001 1100 1000 1001 1101 1001 1100 1000 1001 1101 1001 1100 1000 1001 1101 1001 1100 1000 1001 1101 1001 1100 1000 1001 1101 1001 1100 1000 1001 1101 1001 1100 1000 1001 1101 1001 1100 1000 1001 1101 1001 1100 1000 1001 1001 1000 
1101 1001 1100 1000 1001 1101 1001 1100 1000 1001 1101 1001 1100 1000 1001 1101 1001 1100 1000 1001 1101 1001 1100 1000 1001 1101 1001 1100 1000 1001 1101 1001 1100 1000 1001 1101 1001 1100 1000 1001 1101 1001 1100 1000 1001 1101 1001 1100 1000 1001 1101 1001 1100 1000 1001 1101 1001 1100 1000 1001 1101 1001 1100 1000 1001 1101 1001 1100 1000 1001 1001 1000 
1101 1001 1100 1000 1001 1101 1001 1100 1000 1001 1101 1001 1100 1000 1001 1101 1001 1100 1000 1001 1101 1001 1100 1000 1001 1101 1001 1100 1000 1001 1101 1001 1100 1000 1001 1101 1001 1100 1000 1001 1101 1001 1100 1000 1001 1101 1001 1100 1000 1001 1101 1001 1100 1000 1001 1101 1001 1100 1000 1001 1101 1001 1100 1000 1001 1101 1001 1100 1000 1001 1001 1000 
1101 1001 1100 1000 1001 1101 1001 1100 1000 1001 1101 1001 1100 1000 1001 1101 1001 1100 1000 1001 1101 1001 1100 1000 1001 1101 1001 1100 1000 1001 1101 1001 1100 1000 1001 1101 1001 1100 1000 1001 1101 1001 1100 1000 1001 1101 1001 1100 1000 1001 1101 1001 1100 1000 1001 1101 1001 1100 1000 1001 1101 1001 1100 1000 1001 1101 1001 1100 1000 1001 1001 1000 
1101 1001 1100 1000 1001 1101 1001 1100 1000 1001 1101 1001 1100 1000 1001 1101 1001 1100 1000 1001 1101 1001 1100 1000 1001 1101 1001 1100 1000 1001 1101 1001 1100 1000 1001 1101 1001 1100 1000 1001 1101 1001 1100 1000 1001 1101 1001 1100 1000 1001 1101 1001 1100 1000 1001 1101 1001 1100 1000 1001 1101 1001 1100 1000 1001 1101 1001 1100 1000 1001 1001 1000 
1101 1001 1100 1000 1001 1101 1001 1100 1000 1001 1101 1001 1100 1000 1001 1101 1001 1100 1000 1001 1101 1001 1100 1000 1001 1101 1001 1100 1000 1001 1101 1001 1100 1000 1001 1101 1001 1100 1000 1001 1101 1001 1100 1000 1001 1101 1001 1100 1000 1001 1101 1001 1100 1000 1001 1101 1001 1100 1000 1001 1101 1001 1100 1000 1001 1101 1001 1100 1000 1001 1001 1000 
1101 1001 1100 1000 1001 1101 1001 1100 1000 1001 1101 1001 1100 1000 1001 1101 1001 1100 1000 1001 1101 1001 1100 1000 1001 1101 1001 1100 1000 1001 1101 1001 1100 1000 1001 1101 1001 1100 1000 1001 1101 1001 1100 1000 1001 1101 1001 1100 1000 1001 1101 1001 1100 1000 1001 1101 1001 1100 1000 1001 1101 1001 1100 1000 1001 1101 1001 1100 1000 1001 1001 1000 
1101 1001 1100 1000 1001 1101 1001 1100 1000 1001 1101 1001 1100 1000 1001 1101 1001 1100 1000 1001 1101 1001 1100 1000 1001 1101 1001 1100 1000 1001 1101 1001 1100 1000 1001 1101 1001 1100 1000 1001 1101 1001 1100 1000 1001 1101 1001 1100 1000 1001 1101 1001 1100 1000 1001 1101 1001 1100 1000 1001 1101 1001 1100 1000 1001 1101 1001 1100 1000 1001 1001 1000 
1101 1001 1100 1000 1001 1101 1001 1100 1000 1001 1101 1001 1100 1000 1001 1101 1001 1100 1000 1001 1101 1001 1100 1000 1001 1101 1001 1100 1000 1001 1101 1001 1100 1000 1001 1101 1001 1100 1000 1001 1101 1001 1100 1000 1001 1101 1001 1100 1000 1001 1101 1001 1100 1000 1001 1101 1001 1100 1000 1001 1101 1001 1100 1000 1001 1101 1001 1100 1000 1001 1001 1000 
1101 1001 1100 1000 1001 1101 1001 1100 1000 1001 1101 1001 1100 1000 1001 1101 1001 1100 1000 1001 1101 1001 1100 1000 1001 1101 1001 1100 1000 1001 1101 1001 1100 1000 1001 1101 1001 1100 1000 1001 1101 1001 1100 1000 1001 1101 1001 1100 1000 1001 1101 1001 1100 1000 1001 1101 1001 1100 1000 1001 1101 1001 1100 1000 1001 1101 1001 1100 1000 1001 1001 1000 
1101 1001 1100 1000 1001 1101 1001 1100 1000 1001 1101 1001 1100 1000 1001 1101 1001 1100 1000 1001 1101 1001 1100 1000 1001 1101 1001 1100 1000 1001 1101 1001 1100 1000 1001 1101 1001 1100 1000 1001 1101 1001 1100 1000 1001 1101 1001 1100 1000 1001 1101 1001 1100 1000 1001 1101 1001 1100 1000 1001 1101 1001 1100 1000 1001 1101 1001 1100 1000 1001 1001 1000 
1101 1001 1100 1000 1001 1101 1001 1100 1000 1001 1101 1001 1100 1000 1001 1101 1001 1100 1000 1001 1101 1001 1100 1000 1001 1101 1001 1100 1000 1001 1101 1001 1100 1000 1001 1101 1001 1100 1000 1001 1101 1001 1100 1000 1001 1101 1001 1100 1000 1001 1101 1001 1100 1000 1001 1101 1001 1100 1000 1001 1101 1001 1100 1000 1001 1101 1001 1100 1000 1001 1001 1000 
1101 1001 1100 1000 1001 1101 1001 1100 1000 1001 1101 1001 1100 1000 1001 1101 1001 1100 1000 1001 1101 1001 1100 1000 1001 1101 1001 1100 1000 1001 1101 1001 1100 1000 1001 1101 1001 1100 1000 1001 1101 1001 1100 1000 1001 1101 1001 1100 1000 1001 1101 1001 1100 1000 1001 1101 1001 1100 1000 1001 1101 1001 1100 1000 1001 1101 1001 1100 1000 1001 1001 1000 
1101 1001 1100 1000 1001 1101 1001 1100 1000 1001 1101 1001 1100 1000 1001 1101 1001 1100 1000 1001 1101 1001 1100 1000 1001 1101 1001 1100 1000 1001 1101 1001 1100 1000 1001 1101 1001 1100 1000 1001 1101 1001 1100 1000 1001 1101 1001 1100 1000 1001 1101 1001 1100 1000 1001 1101 1001 1100 1000 1001 1101 1001 1100 1000 1001 1101 1001 1100 1000 1001 1001 1000 
1101 1001 1100 1000 1001 1101 1001 1100 1000 1001 1101 1001 1100 1000 1001 1101 1001 1100 1000 1001 1101 1001 1100 1000 1001 1101 1001 1100 1000 1001 1101 1001 1100 1000 1001 1101 1001 1100 1000 1001 1101 1001 1100 1000 1001 1101 1001 1100 1000 1001 1101 1001 1100 1000 1001 1101 1001 1100 1000 1001 1101 1001 1100 1000 1001 1101 1001 1100 1000 1001 1001 1000 
1101 1001 1100 1000 1001 1101 1001 1100 1000 1001 1101 1001 1100 1000 1001 1101 1001 1100 1000 1001 1101 1001 1100 1000 1001 1101 1001 1100 1000 1001 1101 1001 1100 1000 1001 1101 1001 1100 1000 1001 1101 1001 1100 1000 1001 1101 1001 1100 1000 1001 1101 1001 1100 1000 1001 1101 1001 1100 1000 1001 1101 1001 1100 1000 1001 1101 1001 1100 1000 1001 1001 1000 
1101 1001 1100 1000 1001 1101 1001 1100 1000 1001 1101 1001 1100 1000 1001 1101 1001 1100 1000 1001 1101 1001 1100 1000 1001 1101 1001 1100 1000 1001 1101 1001 1100 1000 1001 1101 1001 1100 1000 1001 1101 1001 1100 1000 1001 1101 1001 1100 1000 1001 1101 1001 1100 1000 1001 1101 1001 1100 1000 1001 1101 1001 1100 1000 1001 1101 1001 1100 1000 1001 1001 1000 
1101 1001 1100 1000 1001 1101 1001 1100 1000 1001 1101 1001 1100 1000 1001 1101 1001 1100 1000 1001 1101 1001 1100 1000 1001 1101 1001 1100 1000 1001 1101 1001 1100 1000 1001 1101 1001 1100 1000 1001 1101 1001 1100 1000 1001 1101 1001 1100 1000 1001 1101 1001 1100 1000 1001 1101 1001 1100 1000 1001 1101 1001 1100 1000 1001 1101 1001 1100 1000 1001 1001 1000 
1101 1001 1100 1000 1001 1101 1001 1100 1000 1001 1101 1001 1100 1000 1001 1101 1001 1100 1000 1001 1101 1001 1100 1000 1001 1101 1001 1100 1000 1001 1101 1001 1100 1000 1001 1101 1001 1100 1000 1001 1101 1001 1100 1000 1001 1101 1001 1100 1000 1001 1101 1001 1100 1000 1001 1101 1001 1100 1000 1001 1101 1001 1100 1000 1001 1101 1001 1100 1000 1001 1001 1000 
1101 1001 1100 1000 1001 1101 1001 1100 1000 1001 1101 1001 1100 1000 1001 1101 1001 1100 1000 1001 1101 1001 1100 1000 1001 1101 1001 1100 1000 1001 1101 1001 1100 1000 1001 1101 1001 1100 1000 1001 1101 1001 1100 1000 1001 1101 1001 1100 1000 1001 1101 1001 1100 1000 1001 1101 1001 1100 1000 1001 1101 1001 1100 1000 1001 1101 1001 1100 1000 1001 1001 1000 
1101 1001 1100 1000 1001 1101 1001 1100 1000 1001 1101 1001 1100 1000 1001 1101 1001 1100 1000 1001 1101 1001 1100 1000 1001 1101 1001 1100 1000 1001 1101 1001 1100 1000 1001 1101 1001 1100 1000 1001 1101 1001 1100 1000 1001 1101 1001 1100 1000 1001 1101 1001 1100 1000 1001 1101 1001 1100 1000 1001 1101 1001 1100 1000 1001 1101 1001 1100 1000 1001 1001 1000 
1101 1001 1100 1000 1001 1101 1001 1100 1000 1001 1101 1001 1100 1000 1001 1101 1001 1100 1000 1001 1101 1001 1100 1000 1001 1101 1001 1100 1000 1001 1101 1001 1100 1000 1001 1101 1001 1100 1000 1001 1101 1001 1100 1000 1001 1101 1001 1100 1000 1001 1101 1001 1100 1000 1001 1101 1001 1100 1000 1001 1101 1001 1100 1000 1001 1101 1001 1100 1000 1001 1001 1000 
1101 1001 1100 1000 1001 1101 1001 1100 1000 1001 1101 1001 1100 1000 1001 1101 1001 1100 1000 1001 1101 1001 1100 1000 1001 1101 1001 1100 1000 1001 1101 1001 1100 1000 1001 1101 1001 1100 1000 1001 1101 1001 1100 1000 1001 1101 1001 1100 1000 1001 1101 1001 1100 1000 1001 1101 1001 1100 1000 1001 1101 1001 1100 1000 1001 1101 1001 1100 1000 1001 1001 1000 
1101 1001 1100 1000 1001 1101 1001 1100 1000 1001 1101 1001 1100 1000 1001 1101 1001 1100 1000 1001 1101 1001 1100 1000 1001 1101 1001 1100 1000 1001 1101 1001 1100 1000 1001 1101 1001 1100 1000 1001 1101 1001 1100 1000 1001 1101 1001 1100 1000 1001 1101 1001 1100 1000 1001 1101 1001 1100 1000 1001 1101 1001 1100 1000 1001 1101 1001 1100 1000 1001 1001 1000 
1101 1001 1100 1000 1001 1101 1001 1100 1000 1001 1101 1001 1100 1000 1001 1101 1001 1100 1000 1001 1101 1001 1100 1000 1001 1101 1001 1100 1000 1001 1101 1001 1100 1000 1001 1101 1001 1100 1000 1001 1101 1001 1100 1000 1001 1101 1001 1100 1000 1001 1101 1001 1100 1000 1001 1101 1001 1100 1000 1001 1101 1001 1100 1000 1001 1101 1001 1100 1000 1001 1001 1000 
1101 1001 1100 1000 1001 1101 1001 1100 1000 1001 1101 1001 1100 1000 1001 1101 1001 1100 1000 1001 1101 1001 1100 1000 1001 1101 1001 1100 1000 1001 1101 1001 1100 1000 1001 1101 1001 1100 1000 1001 1101 1001 1100 1000 1001 1101 1001 1100 1000 1001 1101 1001 1100 1000 1001 1101 1001 1100 1000 1001 1101 1001 1100 1000 1001 1101 1001 1100 1000 1001 1001 1000 
1101 1001 1100 1000 1001 1101 1001 1100 1000 1001 1101 1001 1100 1000 1001 1101 1001 1100 1000 1001 1101 1001 1100 1000 1001 1101 1001 1100 1000 1001 1101 1001 1100 1000 1001 1101 1001 1100 1000 1001 1101 1001 1100 1000 1001 1101 1001 1100 1000 1001 1101 1001 1100 1000 1001 1101 1001 1100 1000 1001 1101 1001 1100 1000 1001 1101 1001 1100 1000 1001 1001 1000 
1101 1001 1100 1000 1001 1101 1001 1100 1000 1001 1101 1001 1100 1000 1001 1101 1001 1100 1000 1001 1101 1001 1100 1000 1001 1101 1001 1100 1000 1001 1101 1001 1100 1000 1001 1101 1001 1100 1000 1001 1101 1001 1100 1000 1001 1101 1001 1100 1000 1001 1101 1001 1100 1000 1001 1101 1001 1100 1000 1001 1101 1001 1100 1000 1001 1101 1001 1100 1000 1001 1001 1000 
1101 1001 1100 1000 1001 1101 1001 1100 1000 1001 1101 1001 1100 1000 1001 1101 1001 1100 1000 1001 1101 1001 1100 1000 1001 1101 1001 1100 1000 1001 1101 1001 1100 1000 1001 1101 1001 1100 1000 1001 1101 1001 1100 1000 1001 1101 1001 1100 1000 1001 1101 1001 1100 1000 1001 1101 1001 1100 1000 1001 1101 1001 1100 1000 1001 1101 1001 1100 1000 1001 1001 1000 
1101 1001 1100 1000 1001 1101 1001 1100 1000 1001 1101 1001 1100 1000 1001 1101 1001 1100 1000 1001 1101 1001 1100 1000 1001 1101 1001 1100 1000 1001 1101 1001 1100 1000 1001 1101 1001 1100 1000 1001 1101 1001 1100 1000 1001 1101 1001 1100 1000 1001 1101 1001 1100 1000 1001 1101 1001 1100 1000 1001 1101 1001 1100 1000 1001 1101 1001 1100 1000 1001 1001 1000 
1101 1001 1100 1000 1001 1101 1001 1100 1000 1001 1101 1001 1100 1000 1001 1101 1001 1100 1000 1001 1101 1001 1100 1000 1001 1101 1001 1100 1000 1001 1101 1001 1100 1000 1001 1101 1001 1100 1000 1001 1101 1001 1100 1000 1001 1101 1001 1100 1000 1001 1101 1001 1100 1000 1001 1101 1001 1100 1000 1001 1101 1001 1100 1000 1001 1101 1001 1100 1000 1001 1001 1000 
