256 256 256 256 256 256 256 256 256 256 256 256 256 256 256 256 256 256 256 256
256 256 256 256 256 256 256 256 256 256 256 256 256 256 256 256 256 256 256 256
81 81 200 256 256 256 256 256 256 256 256 256 256 256 256 256 256 256 145 81
256 256 168 256 256 256 256 256 256 256 256 145 81 81 200 256 256 256 162 256
256 256 168 256 256 256 256 256 256 256 256 162 256 256 168 256 256 256 162 256
256 256 168 256 256 256 256 256 256 256 256 162 256 256 168 256 256 145 98 256
256 152 100 256 256 256 256 145 81 81 81 98 256 256 168 256 256 162 256 256
256 168 256 256 256 256 256 162 256 256 256 256 256 256 168 256 256 162 256 256
256 168 256 256 256 256 256 162 256 256 256 256 256 256 168 256 256 162 256 256
256 49 200 256 256 256 256 162 256 256 256 152 84 84 100 256 256 162 256 256
256 256 168 256 256 256 256 162 256 256 256 168 256 256 256 256 256 162 256 256
256 256 49 81 81 81 81 98 256 256 256 168 256 256 256 256 256 162 256 256
256 256 256 256 256 256 256 256 256 256 256 49 81 81 81 81 81 98 256 256
256 256 256 256 256 256 256 256 256 256 256 256 256 256 256 256 256 256 256 256
256 256 256 256 256 256 256 256 256 256 256 256 256 256 256 256 256 256 256 256